Pressure_psig   RelVol    Y_function   Density_g/cc
5000   0.9639   -   0.6808
4500   0.9702   -   0.6764
4100   0.9756   -   0.6726
4000   0.9771   -   0.6716
3500   0.9846   -   0.6665
3000   0.9929   -   0.6609
2900   0.9946   -   0.6598
2800   0.9964   -   0.6586
2700   0.9983   -   0.6573
2620   1.0000   -   0.6562
2605   1.0022   2.574   -
2591   1.0041   2.688   -
2516   1.0154   2.673   -
2401   1.0350   2.593   -
2253   1.0645   2.510   -
2090   1.1040   2.422   -
1897   1.1633   2.316   -
1698   1.2426   2.219   -
1477   1.3618   2.118   -
1292   1.5012   2.028   -
1040   1.7802   1.920   -
830    2.1623   1.823   -
640    2.7513   1.727   -
472    3.7226   1.621   -
