# Petrel Points with attributes
# Unit in X and Y direction: m
# Unit in depth: m
VERSION 1
BEGIN HEADER
X
Y
Z
END HEADER
501000.00 6699200.00 -1664.00
501200.00 6699200.00 -1628.00
501400.00 6699200.00 -1600.00
501600.00 6699200.00 -1580.00
501800.00 6699200.00 -1568.00
502000.00 6699200.00 -1564.00
502200.00 6699200.00 -1568.00
502400.00 6699200.00 -1580.00
502600.00 6699200.00 -1600.00
502800.00 6699200.00 -1628.00
503000.00 6699200.00 -1664.00
501000.00 6699400.00 -1636.00
501200.00 6699400.00 -1600.00
501400.00 6699400.00 -1572.00
501600.00 6699400.00 -1552.00
501800.00 6699400.00 -1540.00
502000.00 6699400.00 -1536.00
502200.00 6699400.00 -1540.00
502400.00 6699400.00 -1552.00
502600.00 6699400.00 -1572.00
502800.00 6699400.00 -1600.00
503000.00 6699400.00 -1636.00
501000.00 6699600.00 -1616.00
501200.00 6699600.00 -1580.00
501400.00 6699600.00 -1552.00
501600.00 6699600.00 -1532.00
501800.00 6699600.00 -1520.00
502000.00 6699600.00 -1516.00
502200.00 6699600.00 -1520.00
502400.00 6699600.00 -1532.00
502600.00 6699600.00 -1552.00
502800.00 6699600.00 -1580.00
503000.00 6699600.00 -1616.00
501000.00 6699800.00 -1604.00
501200.00 6699800.00 -1568.00
501400.00 6699800.00 -1540.00
501600.00 6699800.00 -1520.00
501800.00 6699800.00 -1508.00
502000.00 6699800.00 -1504.00
502200.00 6699800.00 -1508.00
502400.00 6699800.00 -1520.00
502600.00 6699800.00 -1540.00
502800.00 6699800.00 -1568.00
503000.00 6699800.00 -1604.00
501000.00 6700000.00 -1600.00
501200.00 6700000.00 -1564.00
501400.00 6700000.00 -1536.00
501600.00 6700000.00 -1516.00
501800.00 6700000.00 -1504.00
502000.00 6700000.00 -1500.00
502200.00 6700000.00 -1504.00
502400.00 6700000.00 -1516.00
502600.00 6700000.00 -1536.00
502800.00 6700000.00 -1564.00
503000.00 6700000.00 -1600.00
501000.00 6700200.00 -1604.00
501200.00 6700200.00 -1568.00
501400.00 6700200.00 -1540.00
501600.00 6700200.00 -1520.00
501800.00 6700200.00 -1508.00
502000.00 6700200.00 -1504.00
502200.00 6700200.00 -1508.00
502400.00 6700200.00 -1520.00
502600.00 6700200.00 -1540.00
502800.00 6700200.00 -1568.00
503000.00 6700200.00 -1604.00
501000.00 6700400.00 -1616.00
501200.00 6700400.00 -1580.00
501400.00 6700400.00 -1552.00
501600.00 6700400.00 -1532.00
501800.00 6700400.00 -1520.00
502000.00 6700400.00 -1516.00
502200.00 6700400.00 -1520.00
502400.00 6700400.00 -1532.00
502600.00 6700400.00 -1552.00
502800.00 6700400.00 -1580.00
503000.00 6700400.00 -1616.00
501000.00 6700600.00 -1636.00
501200.00 6700600.00 -1600.00
501400.00 6700600.00 -1572.00
501600.00 6700600.00 -1552.00
501800.00 6700600.00 -1540.00
502000.00 6700600.00 -1536.00
502200.00 6700600.00 -1540.00
502400.00 6700600.00 -1552.00
502600.00 6700600.00 -1572.00
502800.00 6700600.00 -1600.00
503000.00 6700600.00 -1636.00
501000.00 6700800.00 -1664.00
501200.00 6700800.00 -1628.00
501400.00 6700800.00 -1600.00
501600.00 6700800.00 -1580.00
501800.00 6700800.00 -1568.00
502000.00 6700800.00 -1564.00
502200.00 6700800.00 -1568.00
502400.00 6700800.00 -1580.00
502600.00 6700800.00 -1600.00
502800.00 6700800.00 -1628.00
503000.00 6700800.00 -1664.00
