"DEPTH"	"TORQUE"	"WOB"	"ROP"	"C1"	"C2"	"C3"	"IC4"	"NC4"	"IC5"	"NC5"	"ECD"	"BIT SIZE"
ft	kft.lb	klbf	ft/hr	ppm	ppm	ppm	ppm	ppm	ppm	ppm	ppg	in
11000	11.5	32	40	52000	4100	1900	310	520	150	210	11.40	8.5
11010	11.7	33	38	55000	4400	2050	330	550	160	225	11.42	8.5
11020	11.9	34	36	58000	4700	2200	350	580	170	240	11.44	8.5
11030	12.1	35	34	61000	5000	2350	370	610	180	255	11.46	8.5
	12.3	36	32	64000	5300	2500	390	640	190	270	11.48	8.5
11050	12.5	37	30	67000	5600	2650	410	670	200	285	11.50	8.5
11060	12.7	38	28	70000	5900	2800	430	700	210	300	11.52	8.5
11070	12.9	39	26	73000	6200	2950	450	730	220	315	11.54	8.5
11080	13.1	40	24	76000	6500	3100	470	760	230	330	11.56	8.5
END OF REPORT												
