Month	Oil Production (bbl/d)	Cum Oil (bbl)
Jan 2020	120.0000	3720.0
Feb 2020	115.6180	7072.9
Mar 2020	111.6637	10534.5
Apr 2020	107.5861	13762.1
May 2020	103.7819	16979.3
Jun 2020	99.9922	19979.1
Jul 2020	96.4565	22969.2
Aug 2020	92.9342	25850.2
Sep 2020	89.5406	28536.4
Oct 2020	86.3744	31214.0
Nov 2020	83.2203	33710.6
Dec 2020	80.2777	36199.2
Jan 2021	77.3462	38597.0
Feb 2021	74.5218	40683.6
Mar 2021	72.0595	42917.4
Apr 2021	69.4281	45000.3
May 2021	66.9731	47076.4
Jun 2021	64.5275	49012.3
Jul 2021	62.2458	50941.9
Aug 2021	59.9728	52801.0
Sep 2021	57.7828	54534.5
Oct 2021	55.7396	56262.5
Nov 2021	53.7042	57873.6
Dec 2021	51.8053	59479.5
Jan 2022	49.9135	61026.9
Feb 2022	48.0908	62373.4
Mar 2022	46.5018	63815.0
Apr 2022	44.8037	65159.1
May 2022	43.2195	66498.9
Jun 2022	41.6413	67748.1
Jul 2022	40.1688	68993.4
Aug 2022	38.7020	70193.1
Sep 2022	37.2888	71311.8
Oct 2022	35.9702	72426.9
Nov 2022	34.6567	73466.6
Dec 2022	33.4313	74502.9
