Date	Pressure (psia)	Np (STB)	Gp (scf)	Wp (STB)	Bo (RB/STB)	Rs (scf/STB)	Bw (RB/STB)
2010-01-01	3,685	0	0	0	1.3102	500	1
2011-01-01	3,680	20,481	10,240,500	0	1.3104	500	1
2012-01-01	3,676	34,750	17,375,000	0	1.3104	500	1
2013-01-01	3,667	78,557	39,278,500	0	1.3105	500	1
2014-01-01	3,664	101,846	50,923,000	0	1.3105	500	1
2015-01-01	3,640	215,681	107,840,500	0	1.3109	500	1
2016-01-01	3,605	364,613	182,306,500	0	1.3116	500	1
2017-01-01	3,567	542,985	271,492,500	159	1.3122	500	1
2018-01-01	3,515	841,591	420,795,500	805	1.3128	500	1
2019-01-01	3,448	1,273,530	636,765,000	2,579	1.313	500	1
2020-01-01	3,360	1,691,887	845,943,500	5,008	1.315	500	1
2021-01-01	3,275	2,127,077	1,063,538,500	6,500	1.316	500	1
2022-01-01	3,188	2,575,330	1,287,665,000	8,000	1.317	500	1
